1 758
247 313
367 71
374 635
506 639
1012 744
1475 909
2073 413
2448 363
2565 435
2744 406
2889 269
2917 216
3120 95
3565 532
3839 652
3973 138
4633 621
4715 20
4833 531
5168 173
5295 502
5338 267
5926 827
6239 239
6360 79
6683 644
6829 721
7349 806
7821 684
7979 425
8135 698
8402 370
8550 774
8717 644
8858 85
9331 650
9614 934
10205 537
10656 582
11089 126
11425 455
11852 44
11934 666
12443 61
12606 258
12825 754
13471 84
13531 344
14049 549
14057 232
14373 840
14920 257
15384 835
15834 638
16034 605
16455 148
16490 569
16564 305
16672 78
16826 653
16965 852
17159 326
17776 601
18119 829
18190 693
18225 820
18495 13
18536 411
19043 906
19073 335
19328 847
19546 639
19745 677
20374 720
20787 345
20963 126
21054 849
21254 203
21473 158
21497 669
22007 163
22249 454
22317 635
22843 60
23118 949
23288 154
23775 880
24225 315
24511 773
24536 381
24594 477
24826 385
24978 960
25262 845
25320 655
25578 39
26052 108
26276 29
26679 393
26712 353
26872 486
27105 241
27277 337
27540 26
27594 626
27770 297
27822 915
28174 499
28755 305
28916 97
29568 928
29619 813
29645 630
30145 815
30166 932
30245 435
30445 711
30793 853
30823 268
31366 228
31927 322
32170 67
32279 242
32548 216
32805 945
32934 543
33512 450
33679 13
33722 267
34206 173
34298 65
34595 686
35028 319
35302 860
35585 489
35631 516
36099 648
36380 118
36937 184
37076 473
37138 649
37156 105
37206 441
37250 249
37623 947
37807 942
37824 66
38161 824
38325 271
38706 7
39125 841
39367 607
39609 142
39997 449
40132 96
40731 490
41136 8
41425 880
41624 715
41687 192
42050 588
42114 743
42444 831
42737 73
42789 354
42819 898
42909 606
43161 754
43569 301
43663 110
43833 195
44125 177
44204 231
44238 654
44870 257
45375 677
45877 49
46079 533
46623 91
46919 52
47116 688
47755 676
47891 526
48098 112
48581 703
48668 258
49235 823
49426 138
49458 528
49906 69
50347 673
50753 664
51138 237
51229 638
51365 838
51724 775
51990 677
52209 890
52302 951
52315 98
52672 259
52822 621
52866 793
53283 206
53432 586
53543 174
53662 58
54158 52
54278 104
54636 625
55262 416
55452 538
55500 920
55706 364
56281 501
56487 628
56905 820
57020 878
57345 78
57389 36
57728 395
57810 960
58011 84
58027 749
58100 737
58276 166
58348 843
58718 314
59172 203
59522 738
59892 177
60065 499
60076 686
60254 679
60676 531
61055 464
61658 927
61862 414
61878 505
61955 235
62066 607
62239 463
62458 141
62892 318
63036 492
63069 83
63410 492
63690 700
63773 29
63952 12
64217 163
64431 520
64478 936
65093 171
65306 167
65481 751
65912 809
66011 294
66649 61
66949 330
67210 703
67389 256
67479 31
68126 443
68148 405
68350 621
68621 934
68688 694
69262 145
69788 414
69916 307
69993 122
70050 449
70231 136
70465 63
70673 99
71097 881
71246 31
71831 347
72044 8
72455 932
72768 355
73336 806
73367 839
74007 950
74123 300
74241 487
74425 443
75043 840
75321 483
75894 80
76173 705
76828 938
77225 910
77356 246
77948 106
78031 583
78237 147
78422 547
78429 411
78676 307
79052 824
79503 169
79626 767
79641 880
79756 947
80410 866
80766 958
81262 458
81833 192
82203 855
82325 917
82537 762
82573 897
82716 118
82859 875
83045 88
83439 256
83542 68
83563 301
84198 343
84312 945
84408 4
85027 116
85233 874
85360 201
85782 609
85840 272
86015 251
86094 749
86251 546
86584 797
86901 425
86933 893
87157 146
87247 478
87469 513
87672 733
87910 429
88419 15
88560 194
88645 137
89105 370
89282 244
89589 613
89598 26
89673 686
90153 830
90208 913
90624 640
90658 22
90716 584
90965 610
91112 87
91139 237
91177 412
91366 319
91625 270
91983 960
92219 346
92516 541
92674 803
92778 231
93118 407
93186 460
93216 273
93433 234
93949 51
94452 243
94504 919
94720 242
94874 912
95140 916
95225 286
95807 731
96121 553
96246 39
96413 568
96522 92
96525 450
96785 93
97171 68
97306 615
97351 207
97869 260
97930 373
98159 527
98291 99
98506 537
98670 423
98793 52
98797 609
98831 402
98914 364
99138 223
99609 81
99739 572
99796 644
99883 271
100393 114
100640 46
100860 68
101134 808
101198 85
101359 554
101592 681
101888 520
102022 699
102620 537
102656 452
103074 913
103322 111
103562 684
103975 742
104619 641
105135 521
105491 379
105776 295
105862 758
106024 600
106169 890
106299 954
106495 641
106851 402
106934 786
107447 8
107841 421
107886 288
107939 875
107962 129
108221 921
108549 272
108687 275
108956 555
108980 947
109053 414
109586 506
109759 351
109829 124
110240 396
110822 641
110996 679
111032 524
111125 434
111149 366
111155 21
111173 291
111322 326
111839 911
112008 840
112059 808
112464 642
112561 131
113042 369
113590 255
113719 560
114054 28
114386 219
114396 894
114726 95
114846 673
114889 346
115547 471
115891 856
116072 100
116464 552
117044 511
117134 188
117456 88
117720 561
117864 873
117923 39
118493 812
118596 931
118997 913
119019 70
119325 176
119505 619
119831 123
120065 98
120153 275
120481 167
120924 881
121073 464
121074 915
121095 348
121574 215
121740 758
121762 647
122148 803
122436 784
122971 249
123624 324
124154 642
124351 413
124752 671
125109 427
125605 509
125747 230
125749 346
125818 67
126180 36
126294 117
126745 344
127167 553
127237 394
127394 90
127717 367
127896 547
127912 861
128564 785
128834 682
128932 440
129021 589
129364 233
129981 850
130103 666
130654 583
131094 716
131699 583
131823 145
131827 675
131920 656
131948 649
132042 120
132297 232
132873 146
133460 188
133743 175
134177 292
134354 748
134422 710
134620 98
134755 267
135225 290
135734 151
135925 863
136409 670
136670 904
136818 792
136839 899
136860 0
136889 7
136961 668
137031 0
137684 592
138092 172
138232 232
138341 665
138568 119
139213 385
139322 425
139436 132
139485 837
139511 484
139848 130
140029 722
140078 498
140469 318
140547 913
140678 196
140930 102
141086 878
141225 640
141501 834
141918 566
142019 65
142028 536
142105 156
142281 269
142601 105
142773 92
143257 531
143543 592
144051 793
144303 203
144311 114
144436 393
144445 640
144469 604
144702 827
144781 762
145340 231
145478 125
145643 740
145812 62
146315 794
146374 707
146525 747
146663 243
146937 873
147134 598
147142 752
147151 49
147337 93
147666 935
148262 858
148654 848
148700 97
148702 510
149197 402
149470 717
149561 728
149765 590
149998 793
150489 117
150855 315
151234 722
151272 741
151700 528
152192 459
152418 791
152565 263
152910 474
153062 681
153069 233
153113 592
153751 349
153900 444
154522 864
154631 809
154636 6
154696 732
155086 261
155318 535
155764 378
155774 322
155853 379
156135 877
156648 947
156935 874
157019 711
157247 200
157282 855
157606 69
158018 917
158559 770
159159 71
159409 687
159546 79
159648 156
159851 286
160066 661
160405 98
160678 554
160707 200
160913 295
161496 963
161721 40
162232 176
162273 641
162321 22
162518 86
162552 18
162983 426
163019 66
163299 556
163446 95
163546 52
163621 824
163917 275
163938 103
164210 4
164247 101
164263 953
164375 155
164687 405
164755 110
164978 271
165026 300
165390 226
165544 314
165983 718
166160 68
166587 604
167145 411
167687 951
167923 484
168568 615
168850 34
169143 863
169216 266
169339 367
169499 794
169818 505
169866 370
170259 495
170613 548
170711 129
171014 53
171408 543
171615 647
171860 13
171923 518
172235 751
172495 266
172821 743
173068 951
173123 909
173559 784
173757 909
173830 215
174022 875
174443 687
174456 414
174856 772
175505 239
175706 521
175806 620
175833 881
176008 626
176078 88
176252 714
176279 550
176612 853
176768 141
177220 558
177369 269
177578 154
178224 506
178495 730
178623 561
178624 766
178667 257
178850 190
178916 826
179389 355
179976 256
180014 22
180476 762
181014 209
181586 706
182011 294
182014 270
182212 0
182645 52
183037 123
183338 735
183893 731
183902 344
184499 200
184578 774
184840 153
184863 659
184930 870
185132 86
185174 393
185622 882
185978 802
186050 170
186509 963
186596 568
186641 837
186781 45
187074 365
187240 559
187508 594
187663 154
188070 432
188539 924
188679 303
188695 451
189058 838
189213 417
189559 555
189842 512
190102 811
190145 674
190497 453
190879 319
191354 142
191896 418
192294 280
192567 520
192944 420
193159 84
193545 524
193795 454
193965 904
194498 106
194722 493
195026 80
195167 734
195580 55
195667 507
195826 75
196154 288
196378 422
196649 101
197275 316
197516 456
197688 280
197693 937
198087 411
198625 639
198863 403
198927 170
199146 506
199719 273
199985 160
200423 936
200516 466
200619 729
201173 828
201660 866
201728 387
201878 579
202218 371
202477 435
202917 461
202957 335
203482 276
203713 384
204152 444
204485 379
204780 473
204926 841
205548 609
205843 863
206054 469
206475 650
206990 154
207096 557
207340 815
207349 344
207476 136
207826 210
208005 220
208292 230
208630 286
208928 304
209345 960
209414 733
209708 783
210021 109
210137 429
210555 178
210835 58
211231 144
211767 762
211988 219
212554 202
212741 345
212925 57
213200 122
213343 220
213529 137
213613 605
214145 819
214329 536
214935 710
215595 723
216149 583
216588 658
216977 691
217179 250
217760 388
217961 373
218355 876
218543 344
218554 775
218822 459
219405 780
219441 817
219756 522
219921 597
220028 387
220177 190
220178 171
220685 732
221208 338
221214 807
221602 471
221686 494
221849 647
222345 415
222547 438
223083 402
223183 7
223284 886
223530 641
223768 797
223790 872
223797 67
223825 870
224281 941
224377 818
224816 3
224949 32
225176 706
225526 372
225585 169
226051 64
226324 97
226350 825
226356 601
226584 535
226773 563
226967 454
227280 520
227431 465
227656 602
227786 312
228082 641
228226 138
228388 59
228622 537
228712 355
229004 801
229204 673
229540 470
229666 196
229680 742
230098 481
230189 425
230202 589
230759 531
230848 243
231350 832
231898 224
231899 300
232013 516
232507 512
233040 472
233185 358
233254 43
233739 489
233834 869
233940 34
234104 496
234309 420
234354 386
234994 346
235306 831
235389 548
235422 218
235929 373
236324 720
236874 640
236963 268
236974 407
237102 862
237665 552
238087 196
238370 184
238730 82
239025 812
239234 591
239308 132
239511 405
239861 547
240168 563
240763 391
240893 841
240917 545
240971 98
241611 456
242264 883
242279 760
242321 630
242950 805
243327 584
243655 215
243737 844
243882 667
243996 62
244095 906
244404 204
244541 943
244570 397
244811 223
245037 509
245387 492
245573 724
245689 539
245855 265
246016 136
246523 65
246670 93
247249 699
247668 226
248087 44
248150 422
248248 498
248420 328
248983 922
249242 427
249450 266
250043 892
250051 240
250259 413
250490 845
250748 389
251330 901
251548 854
251864 278
251906 431
252039 281
252551 571
252988 287
253554 711
253650 485
253716 710
254126 126
254443 776
254598 137
254685 872
254691 773
254811 928
255184 779
255656 378
255689 931
256154 414
256252 696
256258 61
256264 918
256693 261
256885 945
256887 223
256926 642
256938 473
257374 256
257535 797
257558 676
257975 773
258196 609
258267 581
258541 28
258551 821
258938 49
259484 743
259842 39
260035 669
260051 662
260483 688
260845 283
261074 952
261412 333
261430 374
261477 823
262002 735
262017 480
262160 71
262393 200
262846 558
262889 575
263154 806
263456 33
263690 660
264053 320
264215 425
264509 884
264687 302
264787 462
265135 377
265266 576
265322 362
265355 492
265545 600
265905 266
265980 809
266479 753
266806 490
267249 194
267320 517
267556 566
268182 152
268401 388
268603 736
269112 166
269168 204
269570 296
269840 833
270284 36
270493 514
270616 661
270766 178
270964 41
271305 270
271398 853
271842 750
272043 765
272615 938
272687 392
273060 73
273324 857
273436 336
273508 845
273587 10
274132 672
274375 218
274530 882
274700 816
275300 99
275345 194
275984 910
276613 440
276987 882
277165 897
277291 156
277292 869
277309 282
277404 235
277465 444
277562 77
277619 770
277739 518
278095 692
278251 646
278699 490
279197 778
279387 820
279487 178
279884 665
279924 80
280401 114
281037 869
281207 223
281259 558
281600 384
281917 818
281989 932
282145 875
282479 739
282741 485
282846 431
282967 698
283083 549
283622 57
283721 20
283773 104
283823 122
283825 530
283969 146
284015 48
284261 759
284788 719
285175 271
285487 418
285503 219
286075 308
286403 235
286418 936
286859 918
286869 67
287488 167
287554 107
287671 179
287989 636
288123 761
288477 856
288738 586
289036 313
289552 272
289945 902
290168 670
290265 176
290839 286
290894 724
290988 175
291435 211
291578 964
291709 633
291777 956
291901 504
292311 23
292480 340
292778 38
293108 500
293235 420
293427 802
293473 682
293477 63
293478 160
293921 242
294060 613
294261 679
294560 772
294705 789
295125 651
295260 548
295606 722
296159 317
296577 576
297051 105
297062 290
297640 155
297642 921
297727 9
297770 40
297870 452
298200 705
298263 299
298498 513
298544 309
298621 450
299137 873
299217 780
299305 1
299472 77
299512 421
299667 49
299943 374
299944 795
300107 121
300599 635
300873 523
301032 740
301510 887
301626 944
301716 486
301903 122
302071 635
302642 618
302960 327
303323 744
303731 98
304181 360
304392 800
304465 856
305061 59
305304 530
305584 901
305708 439
306186 592
306368 86
306410 847
306491 507
306729 145
306790 189
307002 855
307615 256
308257 762
308560 460
308849 806
308995 552
309522 876
309565 484
310032 421
310631 667
310648 376
311061 161
311164 963
311505 776
311559 828
312219 616
312600 933
313133 706
313524 523
313602 361
313755 550
314340 264
314545 64
314952 305
315171 706
315173 533
315217 762
315579 376
315996 397
316068 903
316172 186
316432 12
316490 459
316871 885
316876 919
316989 380
317219 228
317542 964
317660 428
317784 778
317848 312
317992 286
318032 75
318368 868
318580 849
319041 733
319066 392
319471 223
319981 498
320035 868
320235 423
320349 955
320677 927
321319 943
321485 292
321899 558
322193 136
322695 712
322777 541
323078 685
323263 453
323463 494
323966 232
324347 731
324739 861
325054 216
325185 916
325265 3
325806 193
326439 302
326658 738
327179 124
327715 740
328208 120
328338 485
328799 740
329419 292
329527 818
329770 21
330051 290
330596 252
330828 234
330907 713
331001 116
331579 220
331761 427
332410 314
332670 866
332703 422
332710 405
333288 826
333357 881
333415 449
333809 678
334019 352
334020 386
334315 511
334621 809
334724 860
335326 201
335368 379
335680 107
336041 215
336043 783
336362 29
336449 580
336964 402
337189 43
337699 263
338084 356
338387 726
338789 256
338898 398
338935 531
339053 60
339446 406
339639 395
339875 167
340174 522
340811 283
341070 207
341594 441
341892 393
342111 496
342444 241
342954 307
343266 563
343376 61
343713 805
343861 723
344133 760
344209 1
344335 365
344635 831
344781 896
344961 557
345411 858
345489 222
345649 697
346191 619
346472 221
346779 247
347220 895
347346 483
347741 663
347836 340
348039 438
348181 766
348640 954
348954 188
349502 82
349907 712
350530 947
351144 352
351494 848
351496 298
351534 627
351789 888
352052 854
352227 326
352486 646
352826 43
352870 42
353336 923
353347 476
353402 915
353666 891
354002 534
354537 630
355088 586
355323 892
355872 616
356133 464
356384 145
356532 944
356743 905
357052 173
357687 744
357771 794
358139 247
358263 848
358339 864
358769 857
358958 680
359199 353
359322 68
359435 220
359789 834
360143 257
360148 72
360241 486
360245 861
360580 961
360900 876
361345 377
361405 128
361508 353
361517 66
361614 460
362020 767
362489 83
362982 127
363106 555
363760 23
364228 9
364263 83
364488 107
365116 190
365154 619
365191 892
365202 258
365222 289
365522 82
365671 858
365925 137
366259 390
366345 530
366583 525
366627 513
366884 932
367125 643
367143 53
367553 28
367649 854
367974 344
368412 678
368705 837
368804 919
368954 141
369180 496
369637 887
370017 365
370210 276
370429 952
370910 451
371144 502
371372 563
371489 529
371951 177
372033 185
372683 889
373127 830
373684 71
374124 283
374207 315
374643 48
374736 531
374915 675
375379 899
375716 667
375880 207
375959 886
376386 493
376584 611
376927 660
377380 664
377661 619
377906 509
378265 346
378714 904
379050 607
379691 898
379757 401
380054 16
380193 305
380546 719
380781 888
381101 317
381281 123
381887 120
382327 760
382767 402
382946 346
383530 139
383891 740
383919 389
384081 65
384214 556
384422 931
384695 801
384804 290
385066 783
385149 229
385199 628
385347 97
385755 171
386272 567
386546 305
387132 520
387328 642
387448 523
387472 677
387756 388
387863 90
388011 840
388569 625
388632 481
388827 377
389202 577
389216 98
389562 789
389670 567
389837 843
390371 339
390542 352
390547 693
391085 82
391259 499
391470 672
391754 825
392010 515
392228 711
392239 926
392285 742
392536 163
393033 247
393674 144
394144 378
394151 721
394532 420
394572 734
394628 17
395100 553
395338 321
395441 140
395510 805
395841 664
396100 686
396409 674
396615 197
397109 337
397305 825
397522 294
397616 503
397634 956
398234 157
398620 106
398687 574
399021 692
399584 919
400072 111
400489 521
400921 344
401017 435
401036 705
401351 890
401379 113
401787 559
401962 21
401998 457
402002 55
402304 735
402366 790
402509 822
402747 274
403179 383
403343 568
403917 195
404501 181
404814 965
405366 299
405920 965
406098 672
406362 819
406723 656
406850 704
407226 925
407439 874
407848 819
408239 301
408287 540
408640 513
408694 623
409068 89
409528 375
409560 725
409905 11
410292 120
410645 318
411266 411
411269 284
411326 720
411422 625
411734 28
411949 393
412085 605
412698 47
412756 110
413099 863
413176 509
413285 288
413393 946
413515 28
413552 17
413696 74
413883 354
414033 580
414073 602
414167 738
414480 717
414543 960
414693 134
414708 510
414805 713
414981 444
415083 680
415477 526
415812 67
416073 761
416104 901
416596 514
416714 227
416762 400
417249 368
417315 495
417359 339
417581 476
417793 533
417800 718
417913 429
417989 538
418043 931
418079 804
418090 653
418382 117
418666 469
418980 879
419344 761
419473 562
419535 486
419569 282
420051 582
420468 334
420525 781
420557 431
420654 284
420655 389
420754 101
420844 282
421257 828
421428 378
421565 65
421683 63
422166 606
422476 23
422523 718
422648 953
422787 100
422919 485
423464 408
424052 160
424413 919
424671 943
424691 778
424794 810
425114 658
425201 7
425587 514
425613 585
425672 697
425970 282
426169 915
426277 784
426295 591
426419 931
426431 254
426478 727
426558 676
426928 262
427149 964
427188 164
427521 329
427586 415
428087 242
428099 33
428720 644
428849 423
429136 585
429232 644
429314 546
429612 244
430068 736
430070 41
430267 711
430391 936
430765 410
430815 401
431215 305
431688 618
431945 852
432273 521
432519 1
433148 158
433430 221
433888 797
434313 446
434340 602
434424 81
434747 663
435195 949
435510 536
435678 768
436296 167
436336 788
436778 655
437124 471
437206 239
437417 190
437587 92
437765 233
438320 214
438670 965
439143 896
439173 495
439460 874
439675 261
439871 872
439894 416
439921 171
440015 860
440498 913
440652 72
440724 838
440829 584
441438 675
441912 855
442467 531
442980 741
443186 936
443295 90
443797 750
443944 322
444276 416
444675 731
444958 11
445268 449
445870 26
446111 147
446636 785
447028 830
447253 583
447635 419
447692 608
447767 612
448044 467
448412 456
448512 88
448948 908
449178 552
449524 126
449792 335
450067 524
450219 131
450562 260
451152 437
451198 447
451218 844
451745 205
451965 96
452438 99
452705 553
452967 815
453288 369
453704 179
454301 466
454426 521
454883 881
454912 197
454929 751
455132 965
455219 582
455416 278
455621 347
455839 947
456035 334
456064 42
456616 636
457132 563
457146 649
457548 963
457605 83
457844 952
458503 598
458574 46
458738 641
458754 607
458857 491
459407 719
459903 403
460270 317
460668 781
460819 660
461019 251
461122 493
461691 35
461913 85
461957 43
461983 117
462304 255
462366 61
462930 209
463271 190
463638 589
464218 574
464227 644
464785 765
464990 286
465194 913
465445 717
465638 472
466049 930
466313 871
466315 630
466323 649
466873 186
467248 817
467417 413
467432 130
467445 951
467815 64
468128 631
468614 125
469205 323
469231 489
469258 512
469913 828
470127 555
470521 484
470607 756
470671 139
471296 879
471942 371
472077 32
472305 364
472311 240
472498 649
473031 291
473462 823
473764 846
473909 690
474077 344
474337 869
474903 319
475068 152
475109 556
475227 86
475437 282
475640 796
475769 958
475844 333
475936 623
475942 138
476529 791
477184 564
477527 343
477644 98
478000 841
478306 195
478472 773
478597 946
478633 391
478832 381
479339 280
479703 842
479916 65
479956 133
479986 248
480016 873
480113 647
480390 588
481007 676
481134 812
481483 930
481498 102
481896 346
481926 837
482324 532
482424 621
482893 950
483119 323
483137 607
483340 131
483854 540
483867 134
483954 617
484338 192
484473 66
484487 40
484498 80
484552 768
484738 226
485058 199
485475 893
485952 607
486491 353
487100 926
487753 422
487787 850
488443 130
488449 219
488856 741
489034 110
489497 451
489554 837
489801 294
490121 959
490361 314
490436 241
490453 921
490511 402
491062 113
491232 343
491312 282
491454 337
491577 560
491621 76
491623 229
492170 459
492332 755
492341 675
492529 19
492620 744
492703 545
492710 261
492938 173
493276 421
493392 96
493814 494
493975 140
494463 680
494829 950
495243 707
495327 674
495405 595
495611 226
495735 893
495832 536
496176 458
496219 693
496601 616
497129 418
497155 189
497392 837
497745 894
497749 548
498046 712
498294 399
498495 748
498534 655
498694 570
499239 682
499466 161
499566 205
499871 368
500438 373
500444 800
500892 91
500900 341
501507 707
501615 941
501732 878
502088 823
502215 176
502510 418
502998 17
503006 748
503372 522
503952 953
504341 562
504490 661
505106 375
505331 762
505539 520
505591 431
505695 408
505870 551
506002 128
506179 632
506304 49
506335 171
506359 108
506952 766
507265 863
507677 392
507881 143
507913 430
508152 584
508241 20
508293 365
508493 400
508923 858
509563 128
509570 395
509988 326
510184 845
510410 511
511053 451
511181 619
511326 100
511342 808
511439 134
511549 763
511931 500
512371 858
512897 269
513016 673
513078 279
513535 183
513881 596
514114 154
514328 41
514667 464
514891 12
514935 842
514977 164
515331 357
515453 958
515511 52
515734 938
516315 392
516411 236
516447 405
516684 901
516968 225
517215 132
517376 42
517442 79
517674 667
517708 625
517962 205
518407 262
518673 122
518774 716
518841 746
519199 119
519265 932
519414 272
519571 872
519651 960
519700 739
519747 511
520184 301
520469 322
520822 947
521078 888
521506 808
521725 894
521761 235
521799 844
522400 223
522418 892
522696 323
522817 486
523063 292
523367 303
523549 163
523593 720
524006 440
524391 472
524575 303
524744 227
524799 880
524858 243
524915 259
524960 109
525177 172
525190 95
525415 334
525694 60
526004 234
526157 79
526328 482
526784 187
527382 557
527717 379
528237 89
528533 40
528534 763
528648 153
528668 405
528773 538
529049 299
529365 107
529680 250
529744 294
529963 531
530121 883
530138 208
530177 4
530599 765
530762 659
531275 25
531641 858
532085 18
532101 844
532285 309
532466 35
532764 86
532818 277
532958 310
533230 822
533729 945
534129 889
534201 845
534761 953
535084 312
535409 532
535549 381
535734 160
535906 470
535920 824
536357 456
536876 424
537130 36
537497 880
537642 306
538039 223
538155 510
538211 474
538377 75
538583 67
538749 143
539040 726
539283 59
539835 925
540081 926
540521 344
540702 677
541128 960
541506 504
542043 95
542510 645
542641 131
542714 467
543010 580
543264 102
543589 931
543686 282
544046 771
544188 614
544580 871
544855 549
544954 27
545058 52
545065 9
545328 897
545367 402
545643 425
545892 767
546450 175
546612 469
546724 63
546915 524
547059 162
547195 686
547628 95
547914 386
548238 841
548417 906
548978 435
549567 486
549722 56
550275 943
550492 457
550896 408
551210 160
551750 910
551838 347
552047 570
552281 798
552399 320
552959 882
553331 573
553747 154
553983 687
554268 465
554349 956
554590 130
555204 37
555487 713
555684 254
556221 358
556298 133
556669 667
557038 250
557265 28
557537 427
558119 312
558131 704
558339 550
558524 90
558542 633
558572 572
558994 50
559292 387
559713 90
560034 673
560232 841
560694 188
560948 544
561141 76
561414 44
561644 517
561793 539
561895 823
561941 681
562527 174
562673 29
563078 148
563107 390
563357 844
563573 212
563832 929
563864 392
563921 630
564538 591
564909 543
565225 245
565260 26
565701 351
566208 909
566232 797
566276 417
566759 863
567028 907
567145 136
567586 768
567731 371
568124 436
568545 884
568582 734
568815 807
568943 179
568975 406
569055 871
569471 89
569942 825
570492 932
570603 747
571090 842
571447 152
571451 508
572047 361
572590 688
573043 677
573339 898
573536 150
573936 757
574073 827
574150 536
574544 956
574853 582
575325 545
575583 126
575718 414
575719 50
575988 15
576252 523
576412 472
576509 208
576580 852
576633 630
576646 882
576830 367
577233 621
577805 512
578105 563
578153 462
578207 678
578491 469
578538 592
578778 693
579074 112
579174 18
579456 496
579545 770
579708 368
579898 420
580013 857
580456 63
580692 725
580967 160
581100 704
581407 465
581588 246
582203 543
582698 489
582807 479
583100 522
583326 222
583345 724
583354 435
583401 461
583915 412
584063 677
584276 866
584467 84
584489 759
584934 683
585037 239
585644 228
586083 802
586464 88
586594 354
586893 813
587169 662
587442 603
587491 699
587527 21
587582 451
587947 621
588094 169
588465 412
589071 529
589120 222
589545 94
589744 585
590308 203
590653 247
590917 318
590952 169
590957 667
591386 147
591558 871
591622 547
591772 867
591851 709
591877 908
591936 33
592147 286
592249 274
592411 707
592931 312
593514 568
593779 504
594331 654
594677 903
594826 481
594857 758
595022 254
595163 744
595222 542
595442 226
595661 643
595765 957
596372 516
596478 345
596581 160
596914 204
597304 252
597677 651
598253 417
598537 297
599104 673
599137 320
599741 429
599777 117
599779 585
599922 491
600027 603
600244 226
600302 748
600575 412
601155 264
601458 673
601696 360
601846 458
602280 946
602694 711
603024 845
603048 616
603174 165
603568 315
603977 111
604439 47
604817 323
604927 869
604966 847
605096 50
605151 933
605536 663
605671 115
605730 140
605765 911
606275 751
606721 918
606893 133
606936 168
607134 868
607247 290
607835 28
608136 224
608701 720
608740 248
609168 252
609252 528
609839 543
610162 104
610515 740
610533 569
610776 840
611017 927
611019 639
611067 457
611320 409
611726 491
611918 395
612297 369
612354 822
612658 921
612698 833
612916 58
613094 162
613156 129
613727 212
614092 462
614124 255
614308 95
614869 553
615129 470
615785 334
616439 435
616830 712
617291 880
617561 457
618054 677
618188 354
618584 736
618821 898
619347 452
619402 599
619990 232
620503 373
620638 782
621241 880
621357 923
621456 282
621624 13
621634 232
622194 597
622551 764
622677 48
622735 79
623176 668
623180 684
623239 157
623369 104
623535 206
623750 717
623758 438
624072 310
624242 881
624528 789
625090 621
625110 823
625211 745
625518 563
625967 774
626289 612
626503 654
626640 632
627108 649
627505 236
628019 249
628661 878
629018 620
629105 119
629355 815
629934 465
630145 965
630278 725
630682 945
630815 573
631227 965
631313 265
631643 551
632208 500
632301 669
632698 124
633291 724
633304 642
633465 260
633884 915
633925 705
634104 581
634474 738
634615 483
634995 662
635028 505
635364 310
635792 350
636314 703
636822 131
636997 620
637099 360
637260 293
637273 758
637534 798
637906 663
638156 156
638268 275
638829 619
639246 646
639376 850
639448 12
639523 957
639675 91
640036 247
640123 135
640651 478
640876 281
641305 531
641332 360
641485 781
641506 901
642125 337
642207 866
642854 4
643111 307
643624 733
643756 83
644143 683
644210 453
644817 397
645100 832
645637 117
645693 682
646020 221
646048 47
646061 134
646694 9
646905 193
647443 463
647519 457
647947 86
648035 125
648100 949
648564 345
648756 773
649157 59
649476 651
649544 786
649699 826
649714 444
650249 79
650526 855
650558 85
650588 964
650846 280
651048 354
651203 680
651419 537
651757 323
652303 135
652352 659
652427 769
652571 372
652856 712
652947 632
653021 140
653396 770
653406 800
653921 113
654375 439
654543 288
654993 761
654994 308
655132 667
655446 250
655904 762
656484 31
656753 288
656927 190
656939 636
657418 226
657851 568
657862 806
658035 887
658628 235
658780 347
659022 189
659076 526
659302 476
659391 164
659780 64
660383 671
660418 527
661069 500
661449 29
661514 574
661616 947
661684 287
662128 580
662209 742
662680 570
662726 373
663144 267
663711 292
664114 161
664317 505
664406 417
664488 322
665117 204
665595 696
665687 27
665812 489
665815 483
666248 797
666284 20
666557 912
666843 697
666974 386
667632 253
667981 742
668161 170
668275 641
668558 492
669215 567
669578 820
669699 929
670204 603
670404 856
670449 264
670805 218
670920 294
670983 876
670992 484
671113 24
671511 10
671935 187
672004 82
672489 768
672763 826
672919 305
673269 668
673376 562
673501 721
673701 426
673708 173
674031 304
674240 810
674324 494
674460 513
674699 101
674941 319
675058 704
675231 151
675463 11
675467 877
675597 692
675875 585
675992 885
676133 741
676277 360
676864 25
677202 417
677694 881
678277 198
678464 464
678586 951
679026 588
679384 221
679784 231
679875 752
679929 549
680145 722
680209 768
680530 509
680785 22
681315 493
681332 568
681914 883
682132 856
682175 912
682324 416
682889 173
682903 622
683072 779
683584 627
683853 30
683935 80
684345 379
684852 428
685405 427
685604 792
686199 498
686368 865
686548 878
686962 532
687443 146
688077 756
688209 21
688388 715
688844 300
689004 401
689141 588
689358 117
689512 545
690068 792
690078 717
690484 528
690539 647
691168 59
691360 511
691908 584
692132 674
692705 515
692750 653
692897 422
692920 752
693331 653
693438 870
693769 633
693968 580
694172 479
694309 241
694324 478
694877 21
695127 360
695374 455
696003 60
696066 883
696342 286
696614 927
696987 636
697364 496
697497 16
697669 13
697996 850
698283 143
698436 926
698599 406
698791 306
698977 10
699317 960
699525 646
699545 630
699813 631
700403 169
700689 660
701151 340
701224 164
701374 591
701442 40
701655 772
701725 839
702118 567
702231 204
702767 707
702851 576
703218 681
703320 756
703464 821
703647 296
703656 48
704303 831
704469 181
704479 746
704908 208
705350 282
705355 4
705414 746
705686 436
706324 480
706392 200
706425 879
706969 348
707311 261
707390 125
707654 229
707720 549
707755 563
708147 125
708290 538
708428 164
708905 348
708969 11
709017 740
709214 113
709315 625
709444 345
709695 229
710056 241
710278 898
710433 83
710495 540
710809 257
710861 397
711024 481
711640 717
711964 791
712001 814
712459 228
712743 284
712885 843
713465 656
713552 482
714102 917
714488 410
714996 125
715220 46
715559 160
715683 804
715947 687
716079 528
716272 0
716420 539
716891 190
717315 438
717528 143
717657 418
718112 538
718681 719
718903 659
718966 374
719407 658
719590 485
720065 725
720198 412
720395 644
721018 886
721342 329
721546 494
721786 261
722397 29
722572 282
722770 239
723247 383
723897 345
723925 158
724307 861
724780 174
724942 670
725509 704
725552 380
725715 92
725838 62
726021 761
726284 942
726304 524
726305 462
726767 453
727135 661
727628 695
727642 913
728154 760
728619 705
729234 223
729411 869
730016 527
730130 345
730435 585
730611 75
730772 965
730790 437
731032 57
731599 364
731833 636
731855 381
732009 101
732145 253
732667 172
733317 831
733487 403
733882 359
734490 52
734860 584
735178 147
735513 51
735569 712
735790 671
736216 423
736241 314
736275 130
736638 459
736729 60
737106 128
737198 706
737849 629
737903 728
737911 108
738348 727
738708 452
739245 386
739475 57
739525 28
739915 902
740115 799
740215 545
740822 948
740836 195
740851 752
740984 275
741207 318
741781 636
741810 927
742214 862
742571 470
742717 598
743233 854
743564 24
744110 418
744714 368
744814 212
745399 215
745474 952
745652 237
746050 735
746285 265
746317 451
746887 168
747066 680
747089 136
747160 414
747556 76
747679 425
747716 219
748218 62
748501 130
748612 534
748756 470
748996 757
749369 293
749613 255
749877 614
750249 494
750688 154
750769 848
750887 394
751008 61
751219 599
751439 572
751914 365
752230 440
752455 910
752458 840
752638 530
752952 157
753431 192
753610 416
754072 154
754654 624
754780 154
755011 599
755268 803
755603 53
755795 181
756105 290
756361 295
756752 75
756847 739
757436 655
757560 582
758029 161
758461 260
758738 616
758917 523
759027 723
759375 781
759525 259
759830 51
759958 90
760050 939
760211 779
760319 144
760833 509
761381 806
761458 222
761642 47
761805 232
761931 962
762438 722
762677 157
762893 230
763513 836
763735 592
764288 804
764640 155
765074 97
765689 81
765785 824
766070 160
766409 789
766572 122
767066 767
767214 178
767634 237
768203 316
768372 415
768629 368
768744 72
769396 208
769935 676
770088 688
770518 333
770944 49
771018 394
771100 857
771185 593
771189 89
771358 368
771465 192
771760 203
771993 34
772297 90
772470 904
772532 397
772587 73
772627 510
773047 881
773547 566
774157 69
774809 176
775412 212
775838 940
775961 198
776103 569
776270 948
776699 899
776705 424
776713 419
776865 186
777337 508
777441 924
777460 57
777957 896
778265 805
778925 617
778930 926
779417 785
779985 166
779991 276
780387 408
780490 541
780632 276
780786 695
780939 551
781195 872
781663 505
782264 870
782425 855
782669 219
783183 179
783275 815
783291 54
783699 210
783725 60
784355 480
784486 521
784963 595
785204 220
785338 885
785767 872
786215 619
786393 751
786635 790
786956 85
786971 530
787077 278
787238 309
787376 162
787615 405
787702 499
788252 543
788272 741
788338 577
788993 499
789219 769
789393 323
789577 816
789617 946
789938 750
789962 685
790091 331
790749 694
791069 331
791585 194
791982 114
792343 657
792676 749
792865 831
793016 429
793169 857
793261 769
793345 656
793650 324
793967 295
794007 702
794012 423
794037 13
794094 709
794238 42
794810 116
794870 631
795300 815
795479 241
795829 775
796172 78
796512 904
797018 882
797306 502
797401 265
797854 349
798322 772
798347 825
798946 779
799025 1
799405 320
799465 383
799513 7
799967 369
800323 607
800350 766
800476 13
800802 224
801099 184
801306 873
801311 814
801848 828
802154 946
802510 578
802927 892
803205 511
803303 738
803864 376
804269 727
804674 467
804830 821
804937 677
805428 916
805998 476
806048 400
806211 150
806310 293
806314 869
806424 700
806641 67
806952 96
807229 875
807720 508
807835 614
807943 65
807986 639
808537 384
808684 756
808822 287
808929 468
809285 650
809590 937
810217 631
810715 250
810869 357
811000 28
811201 897
811772 322
811965 222
812582 709
812699 87
812862 209
813073 733
813733 805
813752 266
813878 742
814467 928
814844 894
815131 588
815200 960
815829 497
815837 433
816024 925
816437 867
816507 726
816806 470
817275 27
817625 319
818044 680
818104 815
818735 467
819021 897
819209 339
819691 58
820295 39
820314 907
820564 75
820722 965
820734 163
821261 217
821816 511
822173 737
822425 402
822458 334
822501 249
822572 97
822953 776
822963 181
823020 854
823115 112
823675 292
823694 464
823849 427
824055 403
824341 364
824647 515
825185 343
825301 450
825706 378
826147 863
826458 3
827111 379
827548 23
827814 931
828355 801
828383 806
828431 131
828555 496
828820 768
829387 185
829451 555
829818 77
830384 22
830629 679
830801 347
831077 62
831224 572
831418 166
831706 38
831755 508
832252 210
832397 2
832539 653
832766 901
832968 432
833013 623
833021 822
833388 921
833890 263
834206 278
834505 246
834647 962
835121 783
835183 447
835660 294
836305 695
836535 338
836899 846
836908 230
837346 482
837683 903
837736 685
838153 842
838473 638
838526 309
839115 751
839377 291
839783 407
839823 910
840337 930
840431 845
840765 744
840850 390
841159 244
841465 441
841854 318
842015 867
842028 173
842431 678
842898 884
842906 762
843248 578
843280 451
843287 196
843457 876
843518 635
843932 820
844111 8
844208 72
844308 866
844544 14
844629 893
845174 256
845211 660
845826 911
846103 958
846475 282
846747 795
847142 591
847151 164
847380 187
847835 292
847850 247
847972 286
848104 553
848176 834
848446 405
848865 484
849202 862
849271 632
849734 758
850043 549
850070 230
850231 809
850709 405
850711 357
850997 807
851324 633
851357 950
851951 409
852202 141
852314 140
852571 74
852880 244
853496 804
854035 777
854324 536
854476 671
854899 740
855136 622
855205 523
855210 771
855364 664
855557 454
855883 393
856408 221
856657 177
856809 116
856909 21
857061 221
857543 272
857555 456
858019 395
858081 609
858145 677
858251 348
858344 279
858402 600
859028 592
859061 626
859068 954
859573 555
859636 243
859980 417
860086 68
860405 124
860546 672
860825 183
860862 744
861310 271
861512 91
861817 691
861974 773
862108 348
862280 415
862283 420
862457 856
862460 569
862510 683
862517 398
862927 660
863169 126
863324 138
863451 468
863997 135
864397 373
864486 393
864522 598
864600 424
865231 601
865727 954
865747 277
866249 67
866754 12
867163 868
867340 536
867606 934
867943 929
867983 6
868172 24
868225 206
868395 369
868686 495
869142 920
869775 436
870224 936
870447 105
870918 559
871558 827
871702 855
871811 881
872011 241
872288 415
872433 584
872939 372
873327 88
873754 130
874111 300
874160 524
874261 114
874913 81
874944 487
875016 900
875045 173
875464 425
875486 68
875628 514
875754 919
876361 657
876612 812
876635 299
877204 834
877392 623
877456 562
877526 423
877873 176
878104 761
878441 692
878803 745
879329 491
879408 928
879673 546
879887 869
880114 441
880379 72
880495 625
880652 222
880876 801
881380 663
881550 62
881595 108
881689 625
882219 902
882366 598
882717 251
882763 886
882847 684
883055 692
883338 1
883402 182
883428 454
883892 444
884240 337
884353 557
884365 677
884671 155
885112 859
885549 688
886001 167
886133 512
886315 445
886505 633
886567 900
886718 751
887288 527
887901 8
887906 776
888107 693
888163 733
888278 182
888474 905
888614 264
889069 153
889711 630
889843 309
889911 739
890324 610
890499 919
890754 766
891124 480
891259 673
891480 343
891698 942
891724 631
892098 356
892568 189
892689 186
892890 130
893031 441
893449 659
893858 937
894047 540
894326 839
894550 160
894870 233
895190 2
895765 163
895909 424
895962 417
895995 850
896426 904
896453 105
896500 528
896593 464
896594 30
896654 754
896939 329
897219 464
897698 743
897750 90
897931 141
897942 582
898162 454
898547 905
898802 607
899180 483
899532 819
899829 244
899862 107
899960 120
900066 36
900112 856
900266 706
900415 223
900633 494
900762 903
901079 345
901318 158
901773 276
901809 378
902357 812
902879 600
903218 505
903720 756
904020 126
904559 877
904621 34
905046 529
905446 157
905857 259
906186 101
906262 322
906459 716
906675 280
906684 578
907018 911
907203 556
907459 125
907494 425
908039 707
908299 793
908604 715
909087 421
909199 601
909476 66
909997 265
910061 91
910344 614
910807 103
911368 834
911720 588
912156 141
912224 361
912331 274
912773 182
912778 373
912781 634
912827 837
912860 401
913072 669
913281 368
913896 635
914100 558
914215 301
914551 213
914616 377
915073 950
915312 14
915456 786
915573 166
915574 304
915826 12
916446 662
916954 63
916990 356
917384 566
917771 703
917864 218
917984 519
918224 956
918617 690
918772 568
919119 887
919399 55
919771 872
919858 710
919940 762
920326 183
920530 607
920628 557
921286 15
921346 723
921727 393
922352 47
922937 496
922950 680
923037 407
923151 897
923287 866
923928 70
924357 209
924794 17
924796 539
924874 466
924943 449
924964 179
925171 216
925742 610
926284 263
926547 409
926670 272
926983 709
927245 562
927271 456
927529 142
927634 759
928234 281
928657 497
928874 265
929223 932
929356 858
929544 540
929995 646
930066 708
930647 742
930705 246
930722 783
931367 604
931528 62
931563 929
931642 358
932027 163
932347 523
932683 157
933128 374
933174 147
933281 553
933637 96
933729 871
934189 178
934514 957
934699 696
935131 414
935270 189
935484 429
935542 681
935986 877
936488 463
936678 540
936984 257
937571 744
937745 215
937882 125
938010 565
938021 150
938424 678
938477 201
938653 917
938956 743
939009 126
939089 295
939553 29
939633 687
939856 640
939960 147
940525 210
941082 335
941268 257
941473 738
941951 491
942505 600
942584 65
943041 612
943047 452
943213 159
943490 596
943691 421
944001 661
944055 153
944194 404
944317 268
944619 226
944913 75
945131 99
945600 341
945885 736
946508 795
946965 777
947159 818
947264 832
947268 843
947474 466
947595 123
947656 441
947767 498
948271 578
948694 495
949155 404
949427 323
949657 417
949995 129
950067 640
950667 23
950867 401
951366 715
951473 854
951759 730
951907 891
952420 516
952575 165
952592 247
952995 815
953397 583
953498 347
954075 757
954497 606
955048 953
955161 845
955164 732
955277 852
955494 547
955894 108
956022 129
956034 200
956358 401
956512 695
956838 144
957093 425
957482 799
957911 669
958196 572
958322 511
958586 589
958753 569
958902 671
959104 837
959205 231
959835 566
959987 13
960410 42
960590 166
960987 98
961114 316
961356 72
961412 330
961813 740
962385 84
962500 496
962846 677
962883 64
963046 557
963615 636
964060 881
964153 184
964714 37
964803 344
964882 964
965076 514
965205 965
965488 464
965625 362
965719 268
965916 525
966338 155
966431 865
966517 619
966719 155
966836 279
966862 526
967069 0
967336 690
967479 767
967836 786
967966 38
968408 903
968637 151
968759 742
968941 747
969064 218
969635 538
969679 157
969753 573
969881 481
970393 383
970408 351
970571 606
970599 728
970775 765
971032 724
971492 368
971828 341
972068 962
972112 939
972515 419
972589 681
973237 309
973732 183
974279 185
974618 770
974889 707
974948 952
975093 232
975471 755
975482 297
975718 837
976057 210
976140 220
976220 331
976295 951
976704 386
977043 743
977405 538
978008 613
978394 626
978575 327
978730 574
978859 715
979322 62
979552 840
979703 53
980078 60
980183 924
980296 471
980413 475
980615 74
981136 156
981609 591
981971 778
982065 453
982257 656
982694 806
982800 128
983062 106
983136 94
983767 552
983823 691
984123 411
984450 894
984996 939
985170 372
985187 299
985432 864
985988 258
986335 164
986711 149
987188 526
987832 120
988163 544
988252 847
988571 206
988760 787
989326 80
989417 582
989419 149
989681 411
989922 602
990297 85
990525 636
990668 212
991124 90
991276 655
991579 350
992011 307
992573 36
992645 569
992741 621
992907 175
993274 622
993690 710
994118 347
994177 327
994814 867
994993 486
995244 757
995609 372
996114 93
996136 499
996332 837
996794 374
997329 28
997956 151
998283 367
998418 386
998426 119
998475 796
998683 286
998743 451
998815 571
999434 725
999586 670
999635 244
1000056 194
1000459 243
1000483 583
1000787 940
1001087 595
1001134 296
1001791 451
1002143 21
1002415 813
1002889 71
1002939 10
1003181 320
1003460 495
1003489 943
1003566 212
1003653 964
1003828 965
1003923 472
1004203 859
1004400 229
1004621 571
1004865 487
1004886 243
1005119 628
1005152 361
1005518 224
1005675 257
1005930 952
1006341 624
1006949 953
1007443 186
1008082 277
1008153 227
1008561 768
1008606 230
1008617 611
1009074 559
1009123 859
1009581 641
1009822 893
1009835 256
1009892 407
1010128 696
1010297 301
1010446 358
1010563 226
1010818 274
1011048 730
1011277 288
1011525 623
1011764 566
1011872 354
1011932 401
1012030 962
1012058 770
1012613 112
1012635 76
1012875 574
1013305 914
1013842 163
1013967 198
1014133 851
1014345 894
1014647 8
1014731 182
1015045 735
1015452 901
1015498 908
1015638 371
1016212 413
1016279 829
1016522 236
1017097 80
1017563 712
1017573 720
1018111 335
1018702 299
1018788 424
1018877 836
1019067 444
1019086 100
1019169 802
1019182 337
1019586 373
1019960 683
1020403 885
1020659 347
1020718 486
1020904 0
1020996 456
1021379 142
1021826 673
1022021 46
1022070 670
1022616 565
1022672 936
1023012 363
1023441 703
1023808 551
1023849 445
1023956 898
1024110 815
1024222 521
1024361 707
1024602 568
1024678 276
1025053 23
1025689 188
1025714 116
1026232 952
1026584 42
1027181 382
1027356 729
1027400 142
1027529 230
1027812 582
1027874 952
1028063 442
1028295 767
1028365 63
1028521 381
1028663 116
1028837 324
1028961 474
1029155 197
1029360 156
1029455 417
1029707 647
1029776 659
1030221 494
1030776 410
1030817 86
1030987 543
1031232 905
1031376 712
1031377 715
1031424 344
1031912 531
1032253 170
1032267 143
1032422 500
1032544 609
1033135 839
1033253 132
1033501 113
1033811 457
1034053 738
1034308 922
1034438 106
1034959 661
1035434 864
1035612 946
1035708 277
1035943 911
1036141 552
1036174 816
1036206 389
1036410 38
1036515 750
1036580 796
1037104 798
1037221 423
1037493 832
1037654 887
1038274 274
1038553 792
1038619 27
1039048 416
1039172 319
1039324 753
1039856 451
1040150 958
1040648 97
1040659 138
1041165 202
1041780 746
1041792 257
1041871 605
1041917 583
1042161 97
1042678 143
1043233 65
1043298 696
1043515 476
1043533 844
1043638 921
1043774 867
1044359 204
1045019 944
1045162 848
1045231 312
1045543 215
1045815 832
1046292 694
1046491 382
1046939 341
1047182 716
1047358 697
1047555 889
1047635 497
1048060 471
1048260 131
1048418 400
1048558 372
1048719 679
1048820 559
1048829 883
1049260 597
1049669 629
1049804 234
1049820 152
1050095 572
1050624 17
1050747 349
1051324 510
1051828 709
1051833 333
1052331 388
1052726 212
1053144 147
1053701 49
1054072 918
1054683 515
1054942 717
1055011 876
1055649 225
1055672 561
1056125 931
1056402 134
1056531 520
1056854 196
1056960 660
1057206 140
1057236 298
1057383 843
1057579 278
1058138 186
1058229 860
1058596 781
1058895 880
1059255 596
1059308 755
1059382 937
1059766 772
1059805 70
1059940 751
1060047 591
1060243 797
1060635 529
1060684 117
1060859 575
1061029 334
1061448 627
1061538 497
1061733 839
1061911 169
1062122 552
1062723 663
1062965 680
1063175 629
1063585 796
1063765 53
1063948 861
1064457 187
1064642 14
1064767 831
1065052 701
1065129 386
1065282 428
1065830 805
1065953 330
1065956 772
1066501 934
1066711 439
1067037 940
1067075 434
1067502 518
1067722 227
1067901 372
1068081 838
1068246 720
1068615 12
1068817 902
1068988 819
1069142 317
1069476 666
1069801 668
1070013 563
1070330 944
1070343 319
1070935 140
1071347 723
1071681 276
1072318 106
1072644 400
1073273 70
1073332 682
1073362 611
1073667 481
1073874 18
1074328 158
1074682 479
1075165 192
1075193 498
1075258 113
1075732 124
1075833 606
1076339 912
1076885 832
1076904 565
1077011 32
1077328 421
1077706 718
1077730 368
1077822 532
1077987 66
1078346 105
1078602 552
1078723 623
1078754 469
1079151 902
1079438 25
1079692 476
1080311 460
1080454 26
1080476 610
1080497 697
1080521 773
1080720 133
1080787 684
1081126 562
1081535 391
1081876 331
1082504 0
1083148 62
1083358 726
1084018 98
1084428 543
1084702 723
1084715 917
1085123 99
1085389 808
1085840 627
1086143 279
1086562 793
1087219 461
1087385 748
1087896 91
1087938 831
1087972 103
1088532 562
1089018 894
1089354 615
1089565 270
1089723 509
1089810 157
1090108 784
1090301 446
1090605 718
1090700 444
1091080 703
1091571 499
1091856 926
1092157 455
1092176 717
1092339 615
1092618 312
1092745 231
1093185 581
1093480 327
1093939 763
1094556 622
1094977 409
1095015 415
1095077 343
1095597 879
1095626 728
1095805 670
1096162 61
1096223 741
1096658 544
1096825 395
1097340 702
1097650 674
1097781 266
1097794 156
1097817 7
1098251 827
1098432 880
1098543 580
1098646 171
1098870 338
1099438 907
1099453 623
1099532 398
1099970 748
1100415 210
1100734 526
1101228 347
1101730 137
1101894 34
1101972 392
1102440 62
1102905 727
1103046 423
1103052 511
1103643 357
1103839 859
1104011 102
1104532 605
1104760 677
1104925 324
1105478 61
1105987 760
1106163 729
1106728 793
1107149 133
1107235 611
1107311 63
1107468 535
1107688 391
1107717 438
1108125 525
1108262 185
1108573 227
1109019 162
1109594 212
1109814 828
1109924 373
1110231 682
1110282 554
1110516 900
1110872 729
1111128 883
1111576 918
1111776 314
1111919 533
1112330 127
1112364 119
1112492 721
1112637 137
1113184 286
1113330 405
1113386 623
1113821 771
1113962 915
1114113 850
1114621 82
1114922 430
1115582 440
1115745 453
1116158 726
1116165 541
1116678 113
1117013 201
1117504 42
1117644 752
1117780 688
1117854 478
1117998 5
1118112 685
1118707 644
1118978 805
1119366 216
1119474 726
1119807 653
1119890 446
1120069 234
1120077 302
1120222 683
1120452 216
1120839 841
1120840 88
1121107 196
1121376 909
1121454 850
1121765 157
1122010 231
1122666 289
1122864 267
1122882 140
1123476 263
1123758 368
1123984 609
1124327 845
1124462 208
1124497 87
1124528 100
1124595 648
1124715 742
1125001 498
1125312 253
1125644 190
1125863 653
1126079 933
1126674 529
1126714 875
1127162 694
1127274 324
1127414 948
1127493 664
1127567 299
1127977 275
1128149 927
1128748 696
1129118 549
1129208 366
1129667 885
1129930 322
1130203 70
1130320 528
1130612 397
1130804 427
1130851 715
1131261 463
1131625 955
1131687 889
1131804 914
1131881 689
1132419 156
1132601 614
1132972 649
1132977 544
1133248 571
1133775 176
1134097 190
1134466 277
1134750 176
1135120 714
1135677 491
1135759 623
1135975 374
1136231 770
1136364 745
1136588 232
1137159 913
1137664 643
1137953 861
1138040 199
1138249 122
1138408 144
1138536 114
1138719 901
1138836 160
1139163 215
1139492 862
1139988 166
1140096 420
1140713 593
1140790 464
1141272 137
1141450 707
1141887 42
1142180 36
1142275 104
1142335 617
1142434 471
1142826 671
1143001 55
1143489 91
1143598 517
1144239 144
1144593 257
1144861 655
1145370 765
1145428 711
1145999 566
1146199 717
1146496 89
1146908 850
1146983 912
1147212 443
1147393 268
1147449 825
1147582 14
1148171 595
1148418 903
1148818 251
1148893 339
1149470 80
1149522 95
1149969 75
1150305 278
1150754 304
1150909 581
1150982 561
1151226 692
1151240 945
1151891 187
1152351 318
1152429 754
1153014 734
1153374 687
1153381 887
1153403 927
1153480 56
1153930 275
1154311 106
1154349 57
1154561 684
1154659 69
1154756 939
